945
278 499
212 153
463 219
129 427
927 453
524 103
237 154
181 343
792 318
807 914
423 629
321 76
884 412
312 676
25 154
145 802
788 632
140 198
150 504
764 279
943 938
665 762
150 123
706 89
699 321
114 470
370 406
87 215
322 781
222 179
26 3
382 446
544 832
942 459
736 470
298 516
103 202
172 874
134 135
143 828
140 30
887 236
121 108
21 235
164 386
688 316
714 30
130 148
83 75
77 527
698 362
330 683
31 56
767 257
557 308
435 256
145 538
355 156
156 70
795 529
319 46
3 546
89 658
54 63
595 645
654 587
35 105
390 121
116 6
195 389
274 226
80 551
152 729
145 860
727 125
388 425
871 381
26 89
239 635
411 789
17 247
748 205
104 284
333 505
307 553
703 65
924 60
573 93
331 364
445 358
100 14
119 258
403 260
241 798
182 371
331 521
777 368
42 9
917 450
174 93
632 568
31 58
456 152
858 510
479 544
259 148
888 918
566 826
10 9
434 48
92 37
234 418
61 30
852 108
120 356
305 294
338 144
20 94
747 528
119 15
14 18
81 280
7 6
305 354
850 247
163 29
768 569
744 857
710 821
118 450
505 713
166 567
542 67
70 29
140 835
303 605
34 634
133 478
312 11
277 737
188 153
130 80
2 29
447 84
550 701
297 642
414 145
851 784
307 157
199 71
232 156
214 125
117 65
90 556
374 384
361 761
497 219
76 5
383 183
154 588
150 182
194 369
752 627
366 681
141 705
194 175
513 842
39 372
425 545
373 333
854 791
609 208
42 60
266 89
610 430
11 4
98 474
527 742
22 73
639 922
885 884
26 159
807 264
9 74
241 269
90 337
317 503
308 144
578 118
886 182
823 644
340 136
8 44
689 179
246 780
772 59
429 139
668 229
84 568
54 877
401 718
4 251
272 453
32 224
4 21
273 641
549 491
591 370
937 606
38 180
869 93
159 316
41 54
839 68
490 809
431 223
597 345
583 940
19 671
830 270
564 235
814 667
845 450
574 210
762 934
41 360
920 53
32 8
416 287
485 71
28 79
303 786
921 231
108 633
275 559
213 122
62 46
12 1
268 291
399 332
604 302
63 77
107 935
332 178
344 194
285 168
480 104
876 562
35 21
249 374
279 13
194 303
409 81
168 879
398 346
105 111
29 309
86 613
567 771
87 160
9 529
126 547
76 366
755 756
401 221
1 704
90 28
888 91
102 225
454 834
598 819
67 482
283 14
193 219
388 493
799 492
919 115
389 710
164 229
161 432
16 2
224 311
29 300
377 484
546 684
88 593
939 740
204 210
442 240
893 498
304 280
2 4
418 472
369 630
21 346
111 700
870 829
104 221
273 244
191 236
362 868
347 210
66 39
10 14
106 833
623 168
152 254
267 925
57 91
880 369
10 218
820 867
380 170
525 55
114 15
106 570
643 120
775 810
5 128
746 250
38 17
270 402
606 484
24 12
246 184
735 36
382 617
28 20
233 592
63 158
8 2
132 501
183 105
178 223
156 244
639 310
862 923
626 822
381 466
143 114
628 425
317 320
562 390
187 156
233 443
57 636
548 362
140 541
725 311
397 841
616 101
174 572
908 472
508 5
373 494
109 84
185 197
124 708
203 81
734 250
97 54
141 139
793 206
95 733
368 79
139 471
517 23
813 406
866 795
60 824
107 151
149 101
87 571
797 792
82 131
148 170
165 933
898 97
88 86
193 138
115 6
330 490
261 214
663 87
726 375
766 872
785 253
168 296
517 916
815 314
483 230
36 4
5 47
358 195
103 21
86 157
295 81
653 438
169 20
459 204
119 357
657 311
655 110
840 543
818 611
769 363
603 897
680 667
108 88
535 525
300 677
458 614
1 449
537 444
758 702
560 220
779 35
70 132
656 455
122 334
247 262
92 765
590 312
455 414
222 396
732 488
75 65
651 755
2 1
891 910
196 243
100 209
492 447
381 160
202 249
268 163
13 717
103 579
690 480
307 530
26 93
757 760
875 57
506 499
248 782
162 314
17 6
4 69
217 178
896 529
45 95
615 148
16 439
41 53
308 536
208 188
440 79
663 903
108 666
19 33
143 147
335 730
175 728
283 488
941 232
388 351
102 302
350 126
448 107
227 37
467 338
911 148
65 376
28 34
936 238
23 161
131 696
168 139
234 93
462 176
27 137
882 867
9 6
144 754
201 61
469 476
534 226
3 5
153 130
287 155
585 539
352 163
46 18
584 929
313 212
113 112
19 1
290 266
31 8
39 692
71 35
212 563
152 843
441 243
492 766
9 51
124 336
583 811
664 293
581 347
323 665
712 862
16 162
607 183
67 15
86 68
228 118
238 179
132 134
250 179
481 165
926 666
872 878
104 37
190 240
178 102
99 39
46 176
339 298
486 411
932 159
88 721
261 328
135 230
570 638
8 98
306 598
662 739
589 529
594 301
496 474
907 30
679 435
187 276
38 520
289 135
846 187
385 257
165 723
181 413
626 687
856 83
367 122
25 24
849 576
659 487
661 81
128 626
367 905
22 200
35 805
202 540
539 599
278 170
4 6
325 88
316 528
600 775
837 524
159 426
26 68
126 76
7 102
43 78
116 255
618 569
7 52
48 408
375 825
27 3
81 44
41 31
69 318
11 82
204 395
163 509
861 594
140 457
433 640
731 489
138 177
796 341
146 152
242 576
110 91
15 96
894 420
235 257
458 249
83 621
348 436
58 421
511 500
15 11
611 487
539 205
620 472
50 45
213 601
466 712
52 554
207 54
48 13
906 226
101 13
220 106
512 749
387 489
235 293
123 2
582 190
88 297
3 22
675 901
65 16
44 181
306 140
480 608
418 587
591 652
873 185
716 287
159 637
644 217
118 428
709 166
753 161
23 107
419 78
580 367
87 17
242 48
584 29
136 146
67 72
3 2
145 248
38 59
376 627
198 342
891 847
803 116
55 122
674 78
172 326
430 685
855 747
205 430
370 87
237 253
719 354
507 340
424 310
42 256
137 173
98 292
519 110
327 24
647 500
169 271
322 518
324 148
301 31
195 14
111 196
2 400
11 711
598 686
565 759
260 236
422 646
267 175
559 817
132 883
205 915
457 495
836 643
600 853
827 511
2 245
648 237
412 59
84 838
323 101
171 110
831 315
635 722
57 18
29 49
13 12
790 749
912 818
363 161
185 204
479 391
565 895
400 804
174 526
640 829
179 87
162 365
345 454
144 650
394 257
693 890
15 85
612 39
864 638
633 806
167 54
157 945
659 740
42 465
249 348
662 37
358 744
24 738
715 389
379 372
339 477
91 191
566 94
142 128
254 660
295 437
205 24
139 63
335 196
902 837
189 176
190 155
298 170
231 115
773 99
682 480
707 230
164 31
87 175
705 820
15 30
913 212
378 258
931 61
186 146
467 816
278 299
112 72
583 271
393 142
481 532
510 286
84 513
246 938
294 35
351 24
275 63
346 550
397 142
667 210
63 411
359 43
531 127
315 575
172 25
28 106
250 469
33 330
190 422
438 42
349 844
423 162
125 19
10 341
239 113
548 778
451 332
317 80
435 808
678 13
216 12
229 265
784 344
211 199
74 120
215 345
361 1
543 204
603 446
552 192
691 85
57 282
85 144
522 800
160 206
320 625
158 673
127 53
381 675
343 362
555 889
500 242
6 20
157 263
757 423
196 720
335 881
1 37
331 272
16 40
2 39
392 1
383 694
176 514
595 300
333 233
32 64
196 776
533 229
415 36
787 497
944 896
619 212
909 744
84 70
133 81
708 783
536 770
649 346
72 904
491 263
519 569
473 198
61 475
404 126
865 212
155 144
669 695
288 138
315 187
612 774
848 804
357 631
127 241
257 377
743 554
794 451
43 900
617 801
286 135
420 287
124 68
651 326
101 724
745 571
284 523
23 6
378 461
460 266
487 311
847 431
129 70
730 791
565 91
468 14
264 49
21 702
493 522
134 433
285 515
13 310
461 577
928 266
930 616
417 103
80 59
892 79
144 763
